image_00000 228 266 246 294
image_00001 229 266 246 294
image_00002 227 262 247 296
image_00003 229 264 247 295
image_00004 227 262 247 294
image_00005 228 263 247 295
image_00006 227 261 248 296
image_00007 227 258 248 296
image_00008 226 258 249 297
image_00009 226 261 248 298
image_00010 225 259 248 298
image_00011 224 259 249 297
image_00012 225 258 249 298
image_00013 224 259 248 298
image_00014 226 236 253 301
image_00015 226 238 256 300
image_00016 226 239 258 300
image_00017 223 241 259 302
image_00018 223 242 263 302
image_00019 222 245 262 303
image_00020 224 244 262 304
image_00021 222 245 262 301
image_00022 222 245 262 304
image_00023 225 246 262 300
image_00024 227 244 264 304
image_00025 225 245 263 303
image_00026 226 249 263 301
image_00027 225 248 265 303
image_00028 224 247 264 303
image_00029 225 246 264 304
image_00030 239 249 263 305
image_00031 240 248 261 301
image_00032 241 245 264 302
image_00033 242 242 273 304
image_00034 242 245 273 306
image_00035 241 244 274 307
image_00036 242 244 272 308
image_00037 243 247 272 303
image_00038 242 248 272 309
image_00039 241 245 272 309
image_00040 240 245 269 310
image_00041 241 238 271 308
image_00042 241 238 270 305
image_00043 242 238 270 304
image_00044 240 237 272 308
image_00045 247 237 271 275
image_00046 238 288 253 308
image_00047 239 291 252 305
image_00048 249 238 270 272
image_00049 249 238 271 273
image_00050 251 238 270 271
image_00051 254 240 271 272
image_00052 252 237 271 269
image_00053 251 238 271 270
image_00054 254 239 270 264
image_00055 251 240 268 264
image_00056 251 242 268 262
image_00057 255 241 268 259
image_00058 253 240 268 260
image_00059 255 238 268 259
image_00060 257 241 268 260
image_00061 255 240 267 258
image_00062 254 240 267 258
image_00063 254 239 267 259
